0.000000000 0.994000000 0.000000000
0.001000000 0.993844807 -0.001985342
0.002000000 0.993407060 -0.003881888
0.003000000 0.992751830 -0.005634642
0.004000000 0.991948566 -0.007227324
0.005000000 0.991052385 -0.008667803
0.006000000 0.990101291 -0.009973570
0.007000000 0.989119881 -0.011163632
0.008000000 0.988123680 -0.012255241
0.009000000 0.987122420 -0.013263019
0.010000000 0.986122180 -0.014199031
0.011000000 0.985126745 -0.015073142
0.012000000 0.984138442 -0.015893431
0.013000000 0.983158663 -0.016666537
0.014000000 0.982188195 -0.017397961
0.015000000 0.981227431 -0.018092292
0.016000000 0.980276507 -0.018753392
0.017000000 0.979335389 -0.019384532
0.018000000 0.978403936 -0.019988508
0.019000000 0.977481935 -0.020567725
0.020038905 0.976533802 -0.021145486
0.021150860 0.975529648 -0.021739048
0.022348953 0.974459574 -0.022352282
0.023643631 0.973316508 -0.022986896
0.025046007 0.972093196 -0.023644285
0.026568645 0.970781582 -0.024325838
0.028225925 0.969372564 -0.025032982
0.030034396 0.967855804 -0.025767185
0.032013185 0.966219510 -0.026529934
0.034184491 0.964450173 -0.027322710
0.036574198 0.962532245 -0.028146943
0.039212639 0.960447747 -0.029003950
0.042135544 0.958175772 -0.029894850
0.045385247 0.955691870 -0.030820426
0.049012217 0.952967265 -0.031780940
0.053077036 0.949967849 -0.032775859
0.057652972 0.946652876 -0.033803453
0.062829385 0.942973251 -0.034860208
0.068716276 0.938869229 -0.035939949
0.075450505 0.934267290 -0.037032527
0.083071925 0.929163627 -0.038104599
0.091686022 0.923511322 -0.039127551
0.101450062 0.917232949 -0.040068825
0.112557196 0.910233005 -0.040884458
0.125240298 0.902396672 -0.041513917
0.139780753 0.893585407 -0.041873559
0.156520365 0.883630657 -0.041847397
0.175876915 0.872325274 -0.041273755
0.198364626 0.859411586 -0.039925710
0.224621472 0.844564319 -0.037481976
0.255446270 0.827365242 -0.033482797
0.291849913 0.807263873 -0.027261833
0.335126729 0.783513700 -0.017839048
0.386950261 0.755064739 -0.003750964
0.449464300 0.720388177 0.017204226
0.516714622 0.682156408 0.044469258
0.582242732 0.643406489 0.075610441
0.644121788 0.604868036 0.108979009
0.701987669 0.566552662 0.143411889
0.756079919 0.528230105 0.178091576
0.806840159 0.489618202 0.212424245
0.854731016 0.450474197 0.245942293
0.900149495 0.410653274 0.278233886
0.943390057 0.370150277 0.308905821
0.984655037 0.329105369 0.337593000
1.024114888 0.287746209 0.364012947
1.061989453 0.246279661 0.388026320
1.098598712 0.204796634 0.409651787
1.134361036 0.163240954 0.429025536
1.169762008 0.121434709 0.446339474
1.205325228 0.079123708 0.461791788
1.241597761 0.036019398 0.475560476
1.279146182 -0.008165451 0.487795827
1.318552306 -0.053678630 0.498625758
1.360396176 -0.100677755 0.508171284
1.405217582 -0.149165254 0.516572484
1.453463382 -0.198929947 0.524024874
1.505415508 -0.249503201 0.530814618
1.559104037 -0.298390904 0.537107776
1.614893179 -0.345566536 0.543453760
1.673598422 -0.391313555 0.550448470
1.736046980 -0.435757578 0.558714401
1.803037848 -0.478819807 0.568924948
1.875360005 -0.520218547 0.581819700
1.953802451 -0.559457153 0.598202620
2.039148496 -0.595798063 0.618917972
2.132154911 -0.628232114 0.644796960
2.232154911 -0.655144557 0.676118190
2.332154911 -0.674155989 0.710535002
2.432154911 -0.685582122 0.747406334
2.532154911 -0.689725041 0.786029198
2.632154911 -0.686895398 0.825668693
2.732154911 -0.677429108 0.865580589
2.832154911 -0.661699259 0.905029120
2.932154911 -0.640123989 0.943301543
3.032154911 -0.613171014 0.979720426
3.132154911 -0.581359370 1.013654181
3.232154911 -0.545258865 1.044526158
3.332154911 -0.505487626 1.071822449
3.432154911 -0.462708111 1.095098445
3.532154911 -0.417621878 1.113984168
3.632154911 -0.370963387 1.128188323
3.732154911 -0.323493109 1.137501034
3.832154911 -0.275990165 1.141795173
3.932154911 -0.229244743 1.141026214
4.032154911 -0.184050515 1.135230493
4.132154911 -0.141197277 1.124521744
4.232154911 -0.101464016 1.109085758
4.332154911 -0.065612617 1.089172912
4.432154911 -0.034382347 1.065088265
4.532154911 -0.008485243 1.037178770
4.632154911 0.011397611 1.005816947
4.732154911 0.024619132 0.971380118
4.832154911 0.030569196 0.934223901
4.932154911 0.028678798 0.894648214
5.032154911 0.018427936 0.852853511
5.132154911 -0.000638013 0.808884669
5.232154911 -0.028874874 0.762560525
5.326063749 -0.063916342 0.716481020
5.412143754 -0.103242669 0.671431062
5.490532048 -0.144791678 0.627368878
5.562048860 -0.187031058 0.583964080
5.627695882 -0.228869413 0.540840707
5.688386750 -0.269497947 0.497727168
5.744832625 -0.308265392 0.454542316
5.797570002 -0.344654488 0.411389299
5.847085940 -0.378345300 0.368445314
5.893937871 -0.409269326 0.325815939
5.938787792 -0.437580224 0.283453783
5.982367039 -0.463564572 0.241165691
6.025432965 -0.487556131 0.198661740
6.068752166 -0.509885597 0.155601473
6.113111517 -0.530863670 0.111623868
6.159346369 -0.550785343 0.066367179
6.208374882 -0.569946642 0.019491353
6.261226589 -0.588670305 -0.029281501
6.319047221 -0.607340028 -0.080090800
6.382173687 -0.626188230 -0.132113673
6.447119392 -0.644581736 -0.181596785
6.514074338 -0.663121236 -0.228176636
6.584021985 -0.682592621 -0.271998596
6.657952493 -0.703761956 -0.312997709
6.736764732 -0.727367745 -0.350817393
6.821275781 -0.754116841 -0.384817491
6.912217566 -0.784649720 -0.414080424
7.010208955 -0.819470195 -0.437421743
7.110208955 -0.856748529 -0.452818634
7.210208955 -0.895324199 -0.460049466
7.310208955 -0.934633675 -0.459462798
7.410208955 -0.974055390 -0.451423724
7.510208955 -1.012939219 -0.436324793
7.610208955 -1.050629604 -0.414594420
7.710208955 -1.086484209 -0.386702613
7.810208955 -1.119889285 -0.353164140
7.910208955 -1.150272553 -0.314539378
8.010208955 -1.177114088 -0.271433124
8.110208955 -1.199955508 -0.224491674
8.210208955 -1.218407644 -0.174398420
8.310208955 -1.232156804 -0.121868253
8.410208955 -1.240969686 -0.067640993
8.510208955 -1.244696956 -0.012474106
8.610208955 -1.243275510 0.042865072
8.710208955 -1.236729429 0.097607386
8.810208955 -1.225169612 0.150989960
8.910208955 -1.208792100 0.202264126
9.010208955 -1.187875091 0.250702952
9.110208955 -1.162774622 0.295608162
9.210208955 -1.133918917 0.336316200
9.310208955 -1.101801357 0.372203193
9.410208955 -1.066971980 0.402688576
9.510208955 -1.030027389 0.427237084
9.610208955 -0.991598809 0.445358858
9.710208955 -0.952337902 0.456607340
9.810208955 -0.912899706 0.460574728
9.910208955 -0.873921685 0.456884760
10.010208955 -0.835997367 0.445182870
10.110208955 -0.799642242 0.425124180
10.210208955 -0.765248531 0.396360860
10.310208955 -0.733024146 0.358532460
10.405835090 -0.704187460 0.313536709
10.494557219 -0.678843465 0.263797910
10.576226146 -0.656181795 0.211038627
10.651374811 -0.635224351 0.156538410
10.720780326 -0.615044554 0.101230862
10.785295174 -0.594842251 0.045779933
10.845724343 -0.573976465 -0.009310095
10.902721564 -0.551994614 -0.063563512
10.956738654 -0.528663164 -0.116444829
11.008079969 -0.503963818 -0.167396640
11.057056038 -0.478013431 -0.216005936
11.104125879 -0.450935201 -0.262157446
11.149932444 -0.422762728 -0.306045126
11.195261224 -0.393411956 -0.348075338
11.241003784 -0.362692541 -0.388765564
11.288171948 -0.330321812 -0.428693951
11.337978476 -0.295922013 -0.468506496
11.392013449 -0.258989359 -0.508984137
11.448837280 -0.221264064 -0.548665458
11.507733343 -0.184005816 -0.586968615
11.568658294 -0.147981706 -0.623954839
11.632005636 -0.113671544 -0.660009173
11.698404407 -0.081470393 -0.695629250
11.768589548 -0.051829179 -0.731314331
11.843339837 -0.025333119 -0.767515600
11.923446733 -0.002744377 -0.804604279
12.009685172 0.014976919 -0.842831834
12.102769790 0.026675722 -0.882270493
12.202769790 0.031041959 -0.922529178
12.302769790 0.027404877 -0.960443152
12.402769790 0.016319773 -0.995737244
12.502769790 -0.001615133 -1.028068532
12.602769790 -0.025763628 -1.057063019
12.702769790 -0.055454638 -1.082344190
12.802769790 -0.089985164 -1.103555350
12.902769790 -0.128623757 -1.120377184
13.002769790 -0.170614856 -1.132541525
13.102769790 -0.215184033 -1.139842085
13.202769790 -0.261544068 -1.142142607
13.302769790 -0.308901705 -1.139382835
13.402769790 -0.356464907 -1.131582517
13.502769790 -0.403450390 -1.118843654
13.602769790 -0.449091233 -1.101351113
13.702769790 -0.492644330 -1.079371738
13.802769790 -0.533397444 -1.053252027
13.902769790 -0.570675648 -1.023414473
14.002769790 -0.603846866 -0.990352614
14.102769790 -0.632326278 -0.954624844
14.202769790 -0.655579261 -0.916846985
14.302769790 -0.673122560 -0.877683598
14.402769790 -0.684523280 -0.837837898
14.502769790 -0.689395254 -0.798040044
14.602769790 -0.687392245 -0.759033333
14.702769790 -0.678197326 -0.721557509
14.802769790 -0.661507716 -0.686327836
14.902769790 -0.637014306 -0.654007672
15.002769790 -0.604375362 -0.625170837
15.102769790 -0.563184762 -0.600247706
15.197556625 -0.515790382 -0.580428440
15.284421349 -0.464757994 -0.565436322
15.363368592 -0.411650979 -0.554125876
15.435048422 -0.357538034 -0.545280668
15.500287933 -0.303161705 -0.537814570
15.559975598 -0.248998028 -0.530821982
15.615007180 -0.195303240 -0.523573887
15.666237599 -0.142176953 -0.515489749
15.714434861 -0.089643359 -0.506105603
15.760237702 -0.037743147 -0.495055557
15.804121578 0.013380264 -0.482077490
15.846393209 0.063439655 -0.467037765
15.887246718 0.112062227 -0.449943381
15.926880998 0.158944814 -0.430902136
15.965611560 0.204000057 -0.410035495
16.003913722 0.247392531 -0.387396474
16.042411540 0.289482134 -0.362927996
16.081867745 0.330753799 -0.336452361
16.122673938 0.371263316 -0.308047049
16.164881834 0.410759429 -0.278091539
16.208453537 0.449003989 -0.247096905
16.253316903 0.485846534 -0.215632421
16.299495741 0.521321331 -0.184199177
16.347165453 0.555644620 -0.153181378
16.396625468 0.589147997 -0.122882038
16.448248096 0.622217316 -0.093585254
16.502441733 0.655263059 -0.065608350
16.559634719 0.688717705 -0.039339256
16.620275228 0.723052100 -0.015268087
16.684850256 0.758814442 0.005975453
16.748749920 0.793867533 0.022424738
16.804831093 0.824748188 0.032978575
16.851309974 0.850718171 0.038823794
16.888475188 0.871945383 0.041458893
16.917736622 0.889104172 0.042131154
16.940787058 0.903012628 0.041686389
16.959117522 0.914404347 0.040636523
16.973884042 0.923857898 0.039275775
16.985939763 0.931806993 0.037770431
16.995907202 0.938572860 0.036214099
17.004243488 0.944394954 0.034659068
17.011140165 0.949346073 0.033168194
17.016850527 0.953553926 0.031769862
17.021632104 0.957164874 0.030465806
17.025686533 0.960298063 0.029249755
17.029163980 0.963044231 0.028113690
17.032176476 0.965472247 0.027049744
17.034808928 0.967635117 0.026050718
17.037126848 0.969574360 0.025110172
17.039181633 0.971323032 0.024222388
17.041014203 0.972907843 0.023382300
17.042657555 0.974350647 0.022585416
17.044138598 0.975669525 0.021827747
17.045479498 0.976879584 0.021105744
17.046698676 0.977993556 0.020416237
17.047811560 0.979022250 0.019756391
17.048831174 0.979974913 0.019123657
17.049831174 0.980918872 0.018474189
17.050831174 0.981872417 0.017793056
17.051831174 0.982835461 0.017076706
17.052831174 0.983807701 0.016320941
17.053831174 0.984788500 0.015520758
17.054831174 0.985776720 0.014670150
17.055831174 0.986770454 0.013761855
17.056831174 0.987766608 0.012787044
17.057831174 0.988760247 0.011734964
17.058831174 0.989743536 0.010592570
17.059831174 0.990704077 0.009344327
17.060831174 0.991622330 0.007972563
17.061831174 0.992467971 0.006459363
17.062831174 0.993195862 0.004791803
17.063831174 0.993744958 0.002972747
17.064831174 0.994047753 0.001035801
17.065831174 0.994055994 -0.000947948
